GRBname	model	flux	flux_err	start	comment 
041217  CPL  9.48   3.34    3.63         
041219A                          1     
041219B                          1     
041219C PL   4.08   1.59    8.13         
041220  PL   3.10   0.99    0.25         
041223  PL  11.30   2.18   24.30         
041224  CPL  5.86   2.14    0.68         
041226  PL   1.44   0.65    2.75         
041228                      2.49 2     
050117  CPL  3.95   1.22   88.02         
050124  CPL  9.56   2.56    0.36         
050126  PL   2.93   1.21    3.44         
050128  PL  14.70   4.50    6.18         
050202  PL   4.30   1.43    0.08         
050215A PL   1.88   0.98    0.40         
050215B PL   1.58   0.90    1.52         
050219A PL   6.86   2.45   10.52         
050219B PL  36.40   9.57    3.06         
050223  CPL  2.43   1.00    7.74         
050306  CPL  7.47   3.65  107.96         
050315  PL   3.15   1.44    9.86         
050318                           3     
050319  CPL  3.60   1.30    0.65         
050326  PL  16.00   2.42    0.48         
050401                     25.17 2     
050406  PL   1.29   0.62    0.60 4     
050410  CPL  4.99   2.60    7.84 4     
050412  PL   1.53   0.64   21.66         
050416A CPL  7.38   3.27    0.72         
050416B PL   8.56   4.20    0.20         
050418  CPL  5.66   1.95    2.35         
050421  PL   1.42   0.79    1.33         
050422  PL   1.64   0.72    2.52         
050502B PL   2.37   0.86    0.89         
050505  PL   4.74   2.23   -8.37         
050507                           3     
050509A PL   1.71   0.70   -4.93         
050509B PL   3.71   1.00    0.01         
050525A CPL 53.80   3.86    1.02         
050528  CPL  3.61   1.95   -5.01         
050603  PL  50.70   9.78    0.20         
050607  PL   2.43   0.93    1.23         
050701  PL   4.59   1.18    7.92         
050712  PL   2.73   1.32   14.32         
050713A CPL  6.04   2.12    1.81         
050713B CPL  3.56   1.67   78.96         
050714B PL   3.60   1.53   43.66         
050715  CPL  2.45   0.96   41.38         
050716  PL   5.05   2.21    7.54         
050717  PL   9.01   2.28    3.12         
050721  PL   6.69   3.39   -1.20         
050724  CPL 12.80   2.85    0.02         
050726  PL   5.71   2.64    6.28         
050730  PL   1.35   0.91    9.64 4     
050801  PL   3.04   0.95    0.17         
050802  CPL  5.82   2.79    1.17         
050803  PL   3.31   1.49   69.03         
050813  CPL  4.13   1.41    0.12         
050814  CPL  4.35          66.31 4,5 
050815  PL   1.67   0.68    1.81         
050819  CPL  1.33   0.73   18.78         
050820A                          3     
050820B PL   5.40   1.18    8.81         
050822  PL   5.15           2.38 4,5 
050824  PL   1.71   0.91   56.32         
050826  PL   1.65   0.73    2.28 4     
050827  CPL  4.79   1.40   -0.18         
050904  PL   3.06   1.16   27.50         
050906                           6     
050908  PL   2.38   0.90    6.26         
050911  PL   2.67   1.20    0.18         
050915A CPL  2.58   0.92   14.02         
050915B                    -0.49 2     
050916  PL   3.70   1.55   43.12         
050922B PL   2.02   0.80  262.12         
050922C PL  10.90   2.20    0.72         
050925  CPL 15.50   3.00    0.02         
051001  PL   2.43          31.84 5     
051006  PL   6.58   2.61   -2.38         
051008                           3     
051012                           6     
051016A PL   5.39   2.44    4.60         
051016B PL   2.03   1.05    0.46         
051021B PL   2.53   0.97    4.82         
051105A CPL  5.04   1.33    0.00         
051109A                     1.18 2     
051109B PL   1.30   0.75   -2.66         
051111  PL   4.90   1.47   -0.30         
051113  PL   5.40   2.20    0.97         
051114  CPL  1.42           0.93 4,5 
051117A CPL  2.49   0.96   26.66         
051117B CPL  2.17   0.92    7.10         
051210  PL   1.67   0.82    0.42         
051213  CPL  1.95   0.96   -7.32         
051221A                     0.10 2     
051221B PL   2.07   1.37   82.13         
051227  PL   2.10   0.78    0.75         
060102                      0.18 2     
060105  PL  12.20   3.03   10.54         
060108  PL   1.51   0.67    5.21         
060109  PL   1.58   0.57   71.43         
060110  PL   2.61   1.04    3.04         
060111A PL   2.90   0.94    6.94         
060111B PL                  1.02 2     
060115                     97.39 2     
060116  PL   3.08   1.72   37.00         
060117  CPL 66.20   7.75   11.15         
060124                           3     
060202  PL   3.01          -6.26 4     
060203  PL   1.71   1.15   -5.80 4     
060204B CPL  2.80   1.02    4.07         
060206  PL   3.74   0.94    1.88         
060210  CPL  5.53   2.22  -39.89         
060211A PL   2.04   0.74   96.53         
060211B CPL  1.77   0.68    0.01         
060218                           3     
060219  PL   2.54   1.10  -34.71         
060223A CPL  2.46   1.20    0.75         
060223B PL   5.27   1.42    3.20         
060306  CPL 11.00   2.46    0.46         
060312  PL   2.61   0.90    1.66         
060313  PL  37.20   4.72    0.48         
060319  CPL  2.24   0.82    4.56         
060322  CPL  3.57   1.28  187.56         
060323  PL   1.30   0.88    7.18 4     
060403  PL   2.10   0.85    2.74         
060413  PL   2.33   0.77   90.52         
060418  PL   2.33   0.77   27.64         
060421  PL   4.31   1.16    2.69         
060424  CPL  3.22   1.24    0.42         
060427  PL   1.87   0.88   14.86         
060428A PL   3.76   1.18    5.14         
060428B CPL  2.29   0.87   31.96         
060501  PL   3.99           1.17 4,5 
060502A PL   3.97   1.45    0.82         
060502B PL   8.56   1.53    0.01         
060505                           3     
060507  PL   3.65   1.44    0.79         
060510A PL  22.40   7.00    1.08         
060510B CPL  1.37   0.67  137.36         
060512  PL   1.89   1.81    1.58 4     
060515  PL   2.15   1.41   17.64 4     
060516  PL   4.61         133.36 4,5 
060522  CPL  2.56           3.74 5     
060526  PL   3.01   1.21    0.76         
060602A PL   3.74           8.19 5     
060604  PL   1.66   0.93  -49.25 4     
060605  PL   1.81   0.74    7.49         
060607A PL   2.77   0.79   -0.00         
060607B PL   3.06   1.49    9.99 4     
060614  PL  25.00   5.50    2.91         
060707  PL   3.27   1.30    9.00         
060708  PL   3.00   0.87    1.60         
060712                           6     
060714  PL   3.00   0.87   -1.96         
060717                      1.09 2     
060719  PL   3.43   1.14    1.06         
060728                           6     
060729  CPL  5.28           2.39 4,5 
060801  PL   3.35   1.15    0.06         
060804  PL                  4.89 7     
060805A                          6     
060807  PL   3.16   1.11    3.67         
060813                      3.22 2     
060814  PL   9.98   1.78   15.84         
060825  PL   3.71   1.01    0.45         
060904A PL   6.59   1.24   57.34         
060904B CPL  3.08   1.40    1.10 4     
060906  PL   4.59         -41.55 4,5 
060908  PL   5.31   1.83    1.20         
060912A PL  11.80   2.60    0.68         
060919  PL   5.43   1.97   -0.23         
060923A CPL  2.85   1.57    0.35         
060923B PL   4.68   2.11    3.66         
060923C                          6     
060926  PL   2.76   0.88    0.80         
060927                      1.04 2     
060929  CPL  1.45   0.85   -1.12         
061002  PL   3.08   1.75   -1.22         
061004  PL   3.08   1.75    2.92         
061006  PL  15.80   2.23  -22.67         
061007  PL  21.50   3.20   38.48         
061019  PL   8.03           3.14 5     
061021  PL   8.65   1.65    2.63         
061027                           6     
061028  PL   3.77          57.37 5     
061102  PL   1.22   0.59   17.77         
061110A PL   2.28   0.92   -2.10         
061110B CPL  2.18   0.73   -7.04         
061121  PL  26.70   2.59   74.86         
061126  PL  13.90   2.47    7.56         
061201  PL  11.90   2.99    0.58         
061202  CPL  3.33   1.00   75.40         
061210  PL  62.90   7.08    0.00         
061217  PL   2.36   0.92    0.14         
061218                           6     
061222A PL  15.60   1.93   87.15         
061222B PL   7.36          46.65 4,5 
070103  CPL  1.93   1.03    0.34 4     
070107  PL   3.63   1.80  -19.01         
070110  PL   2.20   0.83    5.96         
070126                           6     
070129  PL   2.74   1.30  -72.76         
070208  PL   2.85   1.46   -0.19         
070209  PL   5.03   1.30    0.01         
070219  CPL  1.70   0.82    0.65         
070220                     12.40 2     
070223  PL   2.40   0.99   11.31         
070224  CPL  1.19   0.68  -13.31 4     
070227                           3     
070306  PL   5.66   1.33   98.39         
070318  PL   3.53   1.07    2.06         
070328  PL   6.56   1.60   11.71         
070330  CPL  2.05   0.87    5.63         
070406                           6     
070411  PL   2.47   1.04   22.99         
070412                      5.17 2     
070419A PL   1.36   0.67   19.08         
070419B PL   2.59   1.04   -0.50         
070420  PL  16.20   5.73    7.55         
070427  CPL  2.82   0.84    9.79         
070429A CPL  1.74   0.74   -9.07         
070429B PL   4.30   1.38   -0.20         
070506  CPL  2.09   0.92    6.52         
070508  PL  32.70   3.33   15.42         
070509  PL   1.39   0.75    0.37         
070517  PL   2.54   0.97    7.16         
070518  CPL  2.07   0.79    1.05         
070520A PL   1.79   0.93   37.27         
070520B PL   1.71   0.85   40.22         
070521  CPL  9.88   1.96   31.20         
070529  PL   1.07           2.43 5     
070531  PL   3.82   1.51    2.40         
070611  PL   4.59           3.27 5     
070612A PL   7.56           6.29 5     
070612B PL   4.53           2.53 5     
070616  PL   3.10   0.93  139.84         
070621  PL   5.34   2.16   22.22         
070628                      4.74 2     
070704  PL   3.62   0.92  -52.33         
070714A PL   3.38   0.95    0.64         
070714B PL   9.98   1.59    0.07         
070721A CPL  2.64           3.26 5     
070721B CPL  2.54   1.56    0.72         
070724A PL   2.03   0.86    0.11         
070729                      0.24 2     
070731                      1.08 2     
070802  PL   1.54   0.91   19.88         
070805  PL   2.31   1.03    1.16         
070808  PL   4.34   1.56    1.60         
070809  PL   2.56   1.00    0.25         
070810A CPL  3.75   1.24   -0.10         
070810B PL   2.95   0.94    0.03         
070911  PL   5.46   1.21   36.99         
070913  PL   4.48           0.58 5     
070917  PL  10.90   1.89    0.31         
070920A PL   1.91   0.74   61.40         
070920B PL   2.18   0.69    7.00         
070923  CPL  9.47   2.21    0.00         
071001  CPL  2.13   0.92   47.30 4     
071003  CPL  9.96   2.21    1.35         
071006                           3     
071008  CPL  9.96   2.21    4.56         
071010A CPL  3.38   1.58    4.85         
071010B PL   9.52   1.48    1.42         
071010C                          3     
071011  CPL  3.96   1.39   17.66         
071013  PL   1.49   1.10   -4.32         
071018                           6     
071020  PL  12.10   1.80   -1.58         
071021  CPL  1.65   0.82   82.16         
071025  PL   3.22   1.42   80.33         
071028A CPL  1.37   0.53   19.31         
071028B                          6     
071031  PL   1.92   0.84    3.21         
071101  PL   0.90   0.75    0.62 4     
071112B PL   3.75   1.35    0.05         
071112C                          6     
071117  PL  14.10   2.58    0.47         
071118  PL   1.96   0.81   14.54         
071122  PL   1.52   1.08   19.20         
071129  PL   1.70   0.93  372.06         
071227  PL   4.41   1.57    0.46         
080121                           6     
080123  PL  25.50           0.02 5     
080129  PL   3.73   1.52   -3.45         
080130                           3     
080205  PL   3.25   1.46    1.18         
080207                           3     
080210  CPL  3.12   1.16    3.29         
080212  PL   3.92   2.00    4.71         
080218A                     1.70 2     
080218B                          6     
080229A CPL 19.00   2.32   39.10         
080303  PL   2.69   1.26    0.32         
080307  PL   1.90   0.84    1.98         
080310  PL   3.07   1.07   -4.66         
080319A PL   4.59   4.44    8.83 4     
080319B PL  48.40   3.27   12.41         
080319C CPL  6.25   2.14    0.55         
080319D PL   1.95          34.43 5     
080320  PL   2.14   0.84    1.02         
080325  PL   4.81   2.67   -4.73         
080328  PL   4.81   2.67   10.21         
080330  PL   2.53   1.03    8.91         
080405                           3     
080409  CPL  6.24   1.98    0.73         
080411  PL  44.00   3.18   41.02         
080413A                     1.88 2     
080413B                     0.25 2     
080426  PL   9.92   2.24    0.21         
080430  PL   4.08   1.01    1.74         
080503  PL   5.42   1.35    0.02         
080506  PL   1.95   0.76  158.42         
080515                      0.97 2     
080516  PL   3.33   1.90    0.38 4     
080517  PL   2.66   1.18    3.02         
080520  CPL  2.18   0.84    0.24         
080523  CPL  1.46   0.68    5.68         
080524                           6     
080602  PL   7.18   3.46    1.91         
080603B PL   4.95   1.15    1.92         
080604  PL   1.77   0.85   32.69         
080605  PL  26.60   3.71    8.25         
080607  PL  33.00   7.98    0.94         
080613B                    10.08 2     
080623  PL   5.12   2.01    7.69         
080701  CPL  3.67   1.20    0.08         
080702A                          6     
080702B                          6     
080703  PL   3.80   1.51    0.77 4     
080707  PL   2.38   0.98   13.23         
080710  PL   4.94         -70.99 4,5 
080714  PL   6.37   1.91   -0.08         
080721  PL  33.20  10.90    0.26         
080723A PL   2.28   0.97   -0.10 4     
080725  PL   5.43   1.65   13.92         
080727A PL   1.96           3.66 5     
080727B PL  12.50   2.18    6.12         
080727C PL   3.30   1.08   28.42         
080802  PL   2.49          29.32 4,5 
080804  PL   7.53   3.07    1.80         
080805  CPL  2.21   0.84    9.34         
080810  PL   3.42   1.19   23.73         
080903  PL   1.65   0.81    2.11         
080905A CPL  6.03   1.77    0.04         
080905B PL   4.70           2.88 4,5 
080906  PL   2.84   1.06    0.25         
080913  PL   3.11   1.65    0.62 4     
080915A PL   1.32   0.89    1.44         
080915B PL  11.70   1.93    0.40         
080916A CPL  4.41   1.15    1.44         
080916B PL   2.19   1.06   18.00 4     
080919  PL   1.91   0.90    0.23         
080928                    203.34 2     
081007  PL   7.33   2.40    1.54         
081008  CPL  2.54   1.03    0.23         
081011  CPL  1.33   0.71    1.23         
081012  PL   4.06   1.83    3.61         
081016B PL   1.84           1.45 5     
081017                           6     
081022  PL   2.04   1.02   59.12         
081024A PL   3.55   1.07    0.05         
081025                           6     
081028  PL   2.05   0.91   77.20         
081029  PL   2.90          77.04 4,5 
081101  PL   5.62   1.61    0.16         
081102  CPL  4.89   1.94    2.70         
081104  PL   2.69   1.52   31.33         
081105                           3     
081109A CPL  2.92   1.05    5.02         
081118  PL   3.62          55.14 5     
081121  CPL  8.07   3.90   14.32         
081126  PL   6.24   1.49    1.24         
081127  PL   2.59   1.50    6.31 4     
081128  PL   3.36   1.21   18.41         
081203A PL   5.10   1.41   31.54         
081203B                          3     
081210  PL   3.59   1.09   18.87         
081211A PL   2.71   1.46    1.25 4     
081211B                          6     
081221  PL  20.80   2.65   21.80         
081222  PL   9.74   1.46    5.99         
081226A PL   4.46   1.98    0.21         
081228  PL   2.42   0.91    1.38         
081230  CPL  1.88   0.82   46.32         
090102  PL  11.50   4.17   -0.64         
090107A PL   2.39   1.05   12.55         
090111  PL   2.69   1.10    1.87         
090113  CPL  4.43   1.29    1.99         
090118                           6     
090123  PL   4.43   1.29    0.62         
090129  PL   6.02   1.33    1.29         
090201  PL  22.10   7.37    7.82         
090205  PL   2.05   0.85    6.37         
090301A PL  22.30   3.96   23.51         
090305A PL   2.97   1.36    0.27         
090306B                          6     
090307                           6     
090308  PL   0.99   0.95   24.62         
090309  PL   1.72   1.21    1.21 4     
090313  PL   1.72   1.21  -21.02 4     
090401A PL  13.50   2.94  122.69         
090401B PL  30.10   3.46    8.80         
090404  PL   3.32   1.02   21.23         
090407  PL   2.36          13.64 4,5 
090410  PL   3.68   1.05    9.53         
090417A PL   7.80   2.52    0.01         
090417B PL   2.20         429.95 5     
090418A CPL  4.08   2.21   -0.22         
090418B                          6     
090419  CPL  1.27   0.79  315.17 4     
090422                      0.09 2     
090423  CPL  2.65   0.88    3.71         
090424  PL  85.50  12.10    0.65         
090426  PL   5.40   2.07    0.44         
090429A PL   2.07   0.73   -6.79         
090429B                    -0.14 2     
090509  PL   5.21           4.27 4,5 
090510  PL  26.30   6.50    0.01         
090515      11.50   1.96    0.01         
090516  CPL                91.00 2     
090518  PL   4.20   1.19    0.77         
090519  PL   1.07   0.93  -10.92 4     
090520                           3     
090529A                          3     
090530  CPL  5.40   1.82    0.24         
090531A PL   2.68   1.00    0.27         
090531B                     0.29 2     
090607  PL   1.52   1.42    0.06 4     
090618  PL  43.80   3.93   61.94         
090621A                          3     
090621B PL   7.73   1.95    0.04         
090628  PL   4.07   1.25    0.89         
090708  PL   4.05   2.11    5.70         
090709A PL  11.70   1.90   22.25         
090709B CPL  5.84           4.18 5     
090712  PL   3.58   1.33    2.27         
090715A CPL 11.70   3.85    0.04         
090715B PL   4.74   1.16    7.38         
090720A                          6     
090726  PL   4.74   1.16   16.46         
090727  PL   2.03   0.88   84.44         
090728  PL   3.27   1.97   10.16         
090807A CPL  3.31   1.36    1.17         
090809A CPL  3.49   1.41    0.36         
090812  PL   5.53   1.44   27.18         
090813  PL  16.90   4.47    0.66         
090814A PL   3.09   1.30   -3.28         
090815C                          6     
090827                           6     
090831C PL   2.09   0.92    2.70         
090904A PL   2.52   0.96  130.40         
090904B PL  15.90          24.12 5     
090912  PL   5.46   2.00   99.31         
090915                           6     
090916                      0.18 2     
090926B PL   7.72   2.42   -1.25         
090927  PL   4.83   1.58    0.34         
090929B PL   4.53   1.45   31.33         
091018  CPL 11.70   1.86    0.92         
091020  PL   6.90   2.01    3.38         
091024  PL   4.78   1.80   -0.23         
091026  PL   5.55   1.95    0.41         
091029  CPL  2.70   0.90   21.42         
091102                      0.45 2     
091104  PL   2.07   0.94   18.95         
091109A PL   5.45   2.63    9.00         
091109B PL  11.70   2.33    0.12         
091112  CPL  4.98   2.41    3.95         
091117                           6     
091127  PL  71.60  15.20    1.10         
091130B PL   3.25   1.05    0.55         
091208A PL   2.95   1.11    1.07         
091208B                     8.41 2     
